sampleid	barcodesequence	elevation	extractconcen	ampliconconcentration	extractgroupno	transectname	sitename	depth	ph	toc	ec	averagesoilrelativehumidity	relativehumiditysoilhigh	relativehumiditysoillow	percentrelativehumiditysoil100	averagesoiltemperature	temperaturesoilhigh	temperaturesoillow	vegetation	percentcover	shannon_entropy
BAQ2420.1.1	ACACAGTCCTGA	2420	0.35	7.4	H	Baquedano	BAQ2420	1	9.33	NA	NA	82.54	100	41.135	46.77	22.45	28.297	13.294	no	0	NA
BAQ2420.1.2	ATTATACGGCGC	2420	0.108	11.42	H	Baquedano	BAQ2420	2	9.36	166	0.075	82.54	100	41.135	46.77	22.45	28.297	13.294	no	0	NA
BAQ2420.2	TAAACGCGACTC	2420	0.089	10.06	A	Baquedano	BAQ2420	2	9.36	337	0.075	82.54	100	41.135	46.77	22.45	28.297	13.294	no	0	4.83266705357594
BAQ2420.3	CCTCGGGTACTA	2420	0.083	15.92	C	Baquedano	BAQ2420	2	9.36	574	0.075	82.54	100	41.135	46.77	22.45	28.297	13.294	no	0	4.83016315072883
BAQ2420.1.3	ATTCAGATGGCA	2420	0.132	10	H	Baquedano	BAQ2420	3	8.9	NA	NA	82.54	100	41.135	46.77	22.45	28.297	13.294	no	0	4.47645280734932
BAQ2462.1	TTCACCTGTATC	2462	1.166	15.29	H	Baquedano	BAQ2462	2	8.35	173	0.506	69.08	98.396	32.558	0.21	21.83	29.024	12.971	no	0	4.47039618372113
BAQ2462.2	CTCCAGGTCATG	2462	0.049	10.39	H	Baquedano	BAQ2462	2	8.35	331	0.506	69.08	98.396	32.558	0.21	21.83	29.024	12.971	no	0	4.34382266726502
BAQ2462.3	CAGGATTCGTAC	2462	0.066	8.46	A	Baquedano	BAQ2462	2	8.35	634	0.506	69.08	98.396	32.558	0.21	21.83	29.024	12.971	no	0	NA
BAQ2687.1	GTGGCCTACTAC	2687	1.223	1.24	A	Baquedano	BAQ2687	2	8.35	554	0.131	73.21	100	20.87	43.48	18.2	25	10.67	yes	0.1	NA
BAQ2687.2	TTCCCTTCTCCG	2687	0.251	17.53	C	Baquedano	BAQ2687	2	8.35	350	0.131	73.21	100	20.87	43.48	18.2	25	10.67	yes	0.1	4.22724606374897
BAQ2687.3	CATTTGACGACG	2687	1.176	12.1	E	Baquedano	BAQ2687	2	8.35	400	0.131	73.21	100	20.87	43.48	18.2	25	10.67	yes	0.1	4.7806770444521
BAQ2838.1	CGCATACGACCT	2838	0.467	10.91	G	Baquedano	BAQ2838	2	8.36	353	0.212	44.74	100	16.647	11.34	19.08	24.995	10.709	no	0	NA
BAQ2838.2	GCCTCGTACTGA	2838	0.309	14.38	H	Baquedano	BAQ2838	2	8.36	260	0.212	44.74	100	16.647	11.34	19.08	24.995	10.709	no	0	NA
BAQ2838.3	ACCAACAGATTG	2838	0.145	14.06	A	Baquedano	BAQ2838	2	8.36	369	0.212	44.74	100	16.647	11.34	19.08	24.995	10.709	no	0	NA
BAQ3473.1	AAGTGAAGCGAG	3473	16.374	1.29	C	Baquedano	BAQ3473	2	7.93	3675	0.42	82.05	100	42.09	35.37	13.46	20.69	5.12	yes	1.2	4.89912908897931
BAQ3473.2	TGCCGCCGTAAT	3473	5.17	11.05	B	Baquedano	BAQ3473	2	7.93	838	0.42	82.05	100	42.09	35.37	13.46	20.69	5.12	yes	1.2	4.96870777788828
BAQ3473.3	AACCTCGGATAA	3473	0.91	4.41	C	Baquedano	BAQ3473	2	7.93	16449	0.42	82.05	100	42.09	35.37	13.46	20.69	5.12	yes	1.2	5.37878863253186
BAQ4166.1.1	GTGCTTGTGTAG	4166	33.492	3.16	C	Baquedano	BAQ4166	1	5.64	NA	NA	100	100	100	100	9.41	17.54	1.42	yes	7.1	4.63364954384753
BAQ4166.1.2	CAACTAGACTCG	4166	16.086	18.25	B	Baquedano	BAQ4166	2	7.22	2085	0.084	100	100	100	100	9.41	17.54	1.42	yes	7.1	5.12456148088495
BAQ4166.2	GGAACGACGTGA	4166	2.958	0.12	C	Baquedano	BAQ4166	2	7.22	3692	0.084	100	100	100	100	9.41	17.54	1.42	yes	7.1	5.09365840227933
BAQ4166.3	TGTCAGCTGTCG	4166	28.92	0.26	C	Baquedano	BAQ4166	2	7.22	2271	0.084	100	100	100	100	9.41	17.54	1.42	yes	7.1	5.34076330917854
BAQ4166.1.3	AGTGCCCTTGGT	4166	14.532	0.55	C	Baquedano	BAQ4166	3	7.41	NA	NA	100	100	100	100	9.41	17.54	1.42	yes	7.1	4.94766164411313
BAQ4697.1	CTGGTGCTGAAT	4697	10.044	1.88	C	Baquedano	BAQ4697	2	7.44	424	0.055	NA	NA	NA	NA	NA	NA	NA	yes	0.1	4.37233986305592
BAQ4697.2	GACAGAGGTGCA	4697	5.864	1.22	B	Baquedano	BAQ4697	2	7.44	531	0.055	NA	NA	NA	NA	NA	NA	NA	yes	0.1	4.45277868725707
BAQ4697.3	TCAGACCAACTG	4697	8.264	1.39	C	Baquedano	BAQ4697	2	7.44	631	0.055	NA	NA	NA	NA	NA	NA	NA	yes	0.1	4.59073510580042
YUN1005.1.1	ACGTAACCACGT	1005	0.103	13.17	I	Yungay	YUN1005	1	7.54	NA	NA	20.7	31.011	16.343	0	22.59	26.26	16.51	no	0	3.86514799942423
YUN1005.3	CATCTGGGCAAT	1005	0.028	4.32	I	Yungay	YUN1005	2	7.6	223	2.27	20.7	31.011	16.343	0	22.59	26.26	16.51	no	0	3.58513715223006
YUN1242.1	TGTCCGTGGATC	1242	0.228	19.2	K	Yungay	YUN1242	2	9	226	1.845	20.9	36.46	16.96	0	23.61	27.62	18.33	no	0	3.28911060124921
YUN1242.3	GTTGGTTGGCAT	1242	0.05	15.61	K	Yungay	YUN1242	2	9	452	1.845	20.9	36.46	16.96	0	23.61	27.62	18.33	no	0	3.72087041256417
YUN1609.1	TTCCACACGTGG	1609	0.031	6.42	B	Yungay	YUN1609	2	8	361	0.427	17.18	50.4	12.53	0	21.47	25.39	16.1	no	0	2.47675579236715
YUN2029.2	TGGAGAGGAGAT	2029	0.232	16.71	B	Yungay	YUN2029	2	7.89	241	0.067	28.79	52.55	21.76	0	17.85	24.16	10.21	no	0	4.18627530044703
YUN3153.2	GACTCAACCAGT	3153	0.493	16.89	G	Yungay	YUN3153	2	7.6	185	2.26	59.69	93.15	32.12	0	12.5	19.62	3.48	no	0	4.3220940553224
YUN3153.3	GGAAGAAGTAGC	3153	0.22	18.41	B	Yungay	YUN3153	2	7.6	391	2.26	59.69	93.15	32.12	0	12.5	19.62	3.48	no	0	3.67062639787726
YUN3259.1.1	TAGACACCGTGT	3259	3.71	7.07	D	Yungay	YUN3259	1	8.48	NA	NA	93.57	100	69.04	64.69	15.28	23.65	6.31	yes	2.4	NA
YUN3259.1.2	AGACAAGCTTCC	3259	1.543	16.92	B	Yungay	YUN3259	2	8.1	419	0.133	93.57	100	69.04	64.69	15.28	23.65	6.31	yes	2.4	4.09106836121051
YUN3259.2	TCACTTGGTGCG	3259	1.935	12.11	D	Yungay	YUN3259	2	8.1	342	0.133	93.57	100	69.04	64.69	15.28	23.65	6.31	yes	2.4	4.69184028284645
YUN3259.3	TTATGTACGGCG	3259	3.53	16.74	D	Yungay	YUN3259	2	8.1	539	0.133	93.57	100	69.04	64.69	15.28	23.65	6.31	yes	2.4	4.27774795685929
YUN3259.1.3	TCCGCAACCTGA	3259	0.329	19.17	D	Yungay	YUN3259	3	8.4	NA	NA	93.57	100	69.04	64.69	15.28	23.65	6.31	yes	2.4	NA
YUN3346.1	GAGATACAGTTC	3346	0.314	16.88	D	Yungay	YUN3346	2	7.1	429	0.044	87.32	100	57.8	33.13	15.89	23.96	6.89	yes	0.01	4.44826716443861
YUN3346.2	GCATGCATCCCA	3346	0.318	16.26	D	Yungay	YUN3346	2	7.1	666	0.044	87.32	100	57.8	33.13	15.89	23.96	6.89	yes	0.01	NA
YUN3346.3	GATCTAATCGAG	3346	1.218	17.14	D	Yungay	YUN3346	2	7.1	387	0.044	87.32	100	57.8	33.13	15.89	23.96	6.89	yes	0.01	3.80349404905573
YUN3428.1	TACGCCCATCAG	3428	1.764	15.32	D	Yungay	YUN3428	2	7.2	623	0.023	99.99	100	99.91	99.42	13.61	21.09	4.13	yes	8.8	4.57094415244085
YUN3428.2	AAGATCGTACTG	3428	1.988	6.61	D	Yungay	YUN3428	2	7.2	621	0.023	99.99	100	99.91	99.42	13.61	21.09	4.13	yes	8.8	5.45951765967071
YUN3428.3	ACTCATCTTCCA	3428	2.782	15.46	D	Yungay	YUN3428	2	7.2	658	0.023	99.99	100	99.91	99.42	13.61	21.09	4.13	yes	8.8	4.97024594619607
YUN3533.1.1	TTGGACGTCCAC	3533	3.352	14.29	D	Yungay	YUN3533	1	7.1	NA	NA	100	100	99.93	99.94	11.41	19.21	3.47	yes	8.6	3.9903395740447
YUN3533.1.2	TCCAGGGCTATA	3533	3.21	14.32	D	Yungay	YUN3533	2	8	521	0.024	100	100	99.93	99.94	11.41	19.21	3.47	yes	8.6	4.36752121011507
YUN3533.2	GAAACTCCTAGA	3533	9.236	14.33	D	Yungay	YUN3533	2	8	773	0.024	100	100	99.93	99.94	11.41	19.21	3.47	yes	8.6	3.57405648650815
YUN3533.3	ATCGGGCTTAAC	3533	3.642	17.43	D	Yungay	YUN3533	2	8	664	0.024	100	100	99.93	99.94	11.41	19.21	3.47	yes	8.6	5.35591657018907
YUN3533.1.3	GCGTAGAGAGAC	3533	1.987	7.55	D	Yungay	YUN3533	3	7.8	NA	NA	100	100	99.93	99.94	11.41	19.21	3.47	yes	8.6	4.5601289351715
YUN3856.1.1	AATCTTGCGCCG	3856	6.444	12.93	G	Yungay	YUN3856	1	6.98	NA	NA	99.44	100	73.75	93.7	9.51	17.45	0.45	yes	3.1	4.33006759968244
YUN3856.1.2	GGAAATCCCATC	3856	6.23	16.35	G	Yungay	YUN3856	2	7.43	713	0.029	99.44	100	73.75	93.7	9.51	17.45	0.45	yes	3.1	4.26055431129962
YUN3856.2	TTGGAACGGCTT	3856	4.178	17.12	H	Yungay	YUN3856	2	7.43	404	0.029	99.44	100	73.75	93.7	9.51	17.45	0.45	yes	3.1	5.08761870575013
YUN3856.3	TCCTAGGTCCGA	3856	6.695	15.86	H	Yungay	YUN3856	2	7.43	988	0.029	99.44	100	73.75	93.7	9.51	17.45	0.45	yes	3.1	5.54076691776103
YUN3856.1.3	GACCGTCAATAC	3856	3.134	18.17	G	Yungay	YUN3856	3	7.54	NA	NA	99.44	100	73.75	93.7	9.51	17.45	0.45	yes	3.1	5.16839383685219
